60
2
26 23 23 29 3 15 20 25 27 17 20 21 9 22 27 13 
0
3
10 28 25 18 17 14 4 21 25 
0
82
25 26 27 31 11 
1
11
10 16 5 4 7 
1
30
23 30 23 18 3 27 3 17 
1
1
17 7 2 23 8 10 27 22 6 18 14 22 23 16 7 3 15 
0
4
14 25 15 13 30 30 28 15 9 6 5 24 20 17 20 
0
1
31 8 31 26 4 13 18 2 28 11 15 18 29 7 13 
0
1
2 19 22 11 5 7 28 5 18 16 8 31 7 22 4 5 
0
13
10 7 15 29 13 
1
5
13 19 6 22 31 
0
1
23 29 2 10 11 5 3 5 26 23 31 6 12 13 13 14 
0
2
15 5 4 12 31 24 17 17 3 27 18 6 21 
0
108
2 27 28 12 15 9 5 12 2 20 27 9 9 23 13 29 22 29 
1
3
9 28 11 6 9 12 22 7 14 4 4 22 30 8 15 4 24 26 
0
1
25 2 5 12 10 14 3 13 26 
0
3
31 17 25 7 15 29 31 19 17 14 12 22 27 21 24 20 14 4 
0
29
18 22 16 7 15 22 16 22 25 9 16 7 
1
2
13 19 22 13 7 10 4 7 31 3 7 
0
23
28 6 19 27 4 10 30 
1
58
29 15 21 10 29 27 23 17 22 
1
69
19 16 22 25 10 24 18 16 18 5 
1
3
30 25 11 19 9 11 30 29 17 21 15 16 13 4 
0
43
30 6 20 27 2 11 17 11 16 5 25 7 
1
139
18 23 28 18 3 18 21 7 23 14 10 13 15 2 18 30 
1
77
28 10 16 19 14 5 28 14 20 
1
125
11 14 28 29 9 22 16 7 28 15 3 6 
1
84
3 27 5 5 10 22 26 17 25 24 11 14 14 
1
8
25 15 9 12 27 22 
0
86
4 6 17 27 12 26 9 15 5 30 6 8 29 26 18 14 
1
46
14 4 19 31 11 18 6 6 17 21 3 
1
3
6 11 24 20 7 30 17 4 15 27 22 7 20 
0
25
28 30 16 12 9 21 2 27 24 6 
1
25
22 26 14 15 19 29 31 4 6 11 6 20 5 6 16 31 16 26 
1
2
20 27 3 3 4 6 11 22 25 16 20 6 19 
0
1
10 26 10 4 5 19 2 10 20 7 30 22 5 
0
1
11 25 20 28 6 25 2 4 17 23 27 24 
0
3
3 6 8 31 3 2 17 5 29 
1
1
20 31 4 18 3 20 24 14 24 7 2 7 20 24 24 19 30 
0
6
14 25 27 15 27 7 8 29 18 16 27 
0
113
16 27 14 2 10 4 31 2 19 22 30 31 4 18 6 19 27 
1
1
11 2 18 27 12 16 28 7 12 17 23 26 2 15 14 21 20 
0
19
11 6 11 18 2 11 22 13 16 16 18 
1
13
31 29 24 23 28 24 17 22 14 
0
30
5 25 6 8 17 29 18 
1
56
11 16 14 18 4 13 16 3 11 26 14 12 9 20 
1
3
12 31 31 4 24 5 30 28 12 
0
1
27 30 12 6 6 2 8 11 31 21 7 14 
0
26
22 4 8 17 4 13 10 14 9 6 
1
109
25 29 2 8 24 19 23 15 9 5 
1
1
17 2 20 10 15 31 10 30 10 31 15 3 3 
0
5
20 28 26 6 9 15 22 18 24 17 25 
0
43
20 23 23 26 18 12 
1
1
29 29 11 18 16 31 14 14 17 30 2 5 15 3 20 21 11 
0
36
22 3 9 19 5 7 27 
1
1
25 28 4 5 20 11 2 27 21 23 18 3 14 
0
49
31 15 18 11 5 28 13 21 19 12 23 10 
1
1
25 6 22 4 5 4 10 18 16 2 11 15 
0
1
31 9 23 13 2 
0
28
14 20 6 30 12 4 23 5 4 24 7 
1
